0.061839 114
6.172134 1
0.072316 1
0.980929 2
0.002615 78
0.001145 114
3.280290 1
0.061054 1
0.162474 1
0.164220 1
1.187041 1
0.121233 1
0.169617 1
0.163464 1
0.174794 1
0.138976 1
0.522652 2
0.002743 22
0.003301 114
1.854673 1
0.072303 1
0.129355 2
0.001869 78
0.000989 114
0.845745 1
0.045033 1
0.273532 1
0.150550 1
1.149481 1
0.490918 1
0.139935 1
0.267650 2
0.003074 39
0.000037 2
0.000283 17
0.616768 47
1.249740 38
0.745778 49
1.231750 38
0.720861 47
1.280138 38
0.726787 49
1.735414 38
1.908870 45
4.700712 36
0.000742 2
2.769455 47
5.050146 36
0.000106 2
2.496487 45
4.614860 36
0.000371 2
2.481987 47
3.970804 38
2.388784 49
4.769057 38
2.457972 51
4.180631 39
2.668313 49
4.806586 37
0.000086 2
3.019528 49
0.000100 2
5.176788 37
0.000116 2
2.874948 47
4.663580 37
0.011913 2
3.054788 47
0.000174 2
4.731758 39
3.607287 47
4.854854 39
3.042195 47
0.000411 2
4.783774 39
2.803372 47
4.736190 39
2.921263 47
0.000222 2
4.870025 39
3.031516 47
5.187284 39
3.446175 49
5.115866 39
2.745212 43
0.000461 2
4.642764 37
0.000426 2
2.743230 47
4.607198 37
0.000129 2
2.877657 45
4.973573 37
0.000294 2
2.966210 47
4.762480 39
2.931816 49
5.439041 39
3.081326 51
4.645752 39
2.880511 49
4.932830 39
2.910567 51
4.822991 39
3.421962 45
0.000167 2
5.352876 39
2.789812 49
4.678461 37
0.000393 2
2.665604 45
0.000230 2
5.163648 37
0.000238 2
4.088563 47
0.002405 2
5.506313 37
0.005754 2
0.374046 114
13.493709 1
0.081404 1
0.162377 2
0.006165 96
0.000033 102
0.000210 93
0.000033 89
0.000066 2
0.000503 566
0.000144 182
0.002125 235
0.002757 114
1.532687 1
0.208194 1
0.148361 1
0.173369 1
2.049291 8
